seq1,seq2,seqsim,seqlen1,seqlen2,correctedseqsim
0,0,0.9999999,30,30,0.9999998807907104
0,1,0.9853612,30,29,0.9770106996520092
0,2,0.982212,30,34,0.9515178818255663
0,5,0.97444797,30,23,0.9100976282695554
0,4,0.9663205,30,23,0.9025068957850618
0,9,0.9648353,30,23,0.9011197483764505
0,8,0.960091,30,23,0.8966887593269348
0,6,0.9576613,30,23,0.8944194890418142
0,7,0.946896,30,23,0.8843651475771418
0,3,0.9336847,30,19,0.8288833620596905
1,1,1.0000002,29,29,1.000000238418579
1,0,0.9853612,29,30,0.9770106996520092
1,5,0.9824747,29,23,0.9257934529047745
1,4,0.9812221,29,23,0.924613126195394
1,9,0.9765794,29,23,0.9202383068891672
1,2,0.9737359,29,34,0.9350956139110382
1,6,0.97373575,29,23,0.9175586872375928
1,8,0.9716439,29,23,0.9155875444412231
1,7,0.96606624,29,23,0.9103316504221696
1,3,0.9566364,29,19,0.8569868008295696
2,2,0.9999993,34,34,0.9999992847442627
2,0,0.982212,34,30,0.9515178818255663
2,1,0.9737359,34,29,0.9350956139110383
2,5,0.96520245,34,23,0.8720688809428299
2,8,0.9589037,34,23,0.8663778775616696
2,4,0.9576763,34,23,0.8652689300085369
2,9,0.95243704,34,23,0.8605352232330724
2,6,0.94718874,34,23,0.8557933307530587
2,7,0.93512845,34,23,0.8448967578118308
2,3,0.92004174,34,19,0.7898471540999863
3,3,1.0000001,19,19,1.0000001192092896
3,7,0.9880529,19,23,0.9410027662913004
3,6,0.98742974,19,23,0.9404092743283226
3,9,0.98322326,19,23,0.9364031042371477
3,8,0.9791336,19,23,0.9325081961495535
3,4,0.97873247,19,23,0.9321261587597074
3,5,0.96792805,19,23,0.9218362399509974
3,1,0.9566364,19,29,0.8569868008295695
3,0,0.9336847,19,30,0.8288833620596905
3,2,0.92004174,19,34,0.7898471540999862
4,4,1.0,23,23,1.0
4,9,0.9914052,23,23,0.991405189037323
4,5,0.9901833,23,23,0.9901832938194275
4,8,0.989687,23,23,0.9896870255470276
4,6,0.98920953,23,23,0.9892095327377319
4,7,0.9846036,23,23,0.9846035838127136
4,1,0.9812221,23,29,0.924613126195394
4,3,0.97873247,23,19,0.9321261587597074
4,0,0.9663205,23,30,0.9025068957850618
4,2,0.9576763,23,34,0.8652689300085368
5,5,0.9999997,23,23,0.9999997019767761
5,4,0.9901833,23,23,0.9901832938194275
5,9,0.98702955,23,23,0.9870295524597168
5,6,0.9866837,23,23,0.98668372631073
5,8,0.98507905,23,23,0.9850790500640869
5,1,0.9824747,23,29,0.9257934529047745
5,7,0.9777799,23,23,0.9777799248695374
5,0,0.97444797,23,30,0.9100976282695554
5,3,0.96792805,23,19,0.9218362399509974
5,2,0.96520245,23,34,0.8720688809428297
6,6,0.99999994,23,23,0.9999999403953552
6,9,0.9932713,23,23,0.9932712912559509
6,7,0.9921728,23,23,0.9921727776527405
6,8,0.99107784,23,23,0.9910778403282166
6,4,0.98920953,23,23,0.9892095327377319
6,3,0.98742974,23,19,0.9404092743283226
6,5,0.9866837,23,23,0.98668372631073
6,1,0.97373575,23,29,0.9175586872375928
6,0,0.9576613,23,30,0.8944194890418142
6,2,0.94718874,23,34,0.8557933307530586
7,7,0.9999999,23,23,0.9999998807907104
7,6,0.9921728,23,23,0.9921727776527405
7,9,0.98901534,23,23,0.9890153408050537
7,8,0.98853934,23,23,0.9885393381118774
7,3,0.9880529,23,19,0.9410027662913004
7,4,0.9846036,23,23,0.9846035838127136
7,5,0.9777799,23,23,0.9777799248695374
7,1,0.96606624,23,29,0.9103316504221696
7,0,0.946896,23,30,0.8843651475771418
7,2,0.93512845,23,34,0.8448967578118307
8,8,1.0000005,23,23,1.0000004768371582
8,9,0.9915503,23,23,0.9915503263473511
8,6,0.99107784,23,23,0.9910778403282166
8,4,0.989687,23,23,0.9896870255470276
8,7,0.98853934,23,23,0.9885393381118774
8,5,0.98507905,23,23,0.9850790500640869
8,3,0.9791336,23,19,0.9325081961495535
8,1,0.9716439,23,29,0.9155875444412231
8,0,0.960091,23,30,0.8966887593269348
8,2,0.9589037,23,34,0.8663778775616695
9,9,1.0000001,23,23,1.0000001192092896
9,6,0.9932713,23,23,0.9932712912559509
9,8,0.9915503,23,23,0.9915503263473511
9,4,0.9914052,23,23,0.991405189037323
9,7,0.98901534,23,23,0.9890153408050537
9,5,0.98702955,23,23,0.9870295524597168
9,3,0.98322326,23,19,0.9364031042371477
9,1,0.9765794,23,29,0.9202383068891672
9,0,0.9648353,23,30,0.9011197483764505
9,2,0.95243704,23,34,0.8605352232330723
